1,ネズミ捕り機<>TN,10,1,
1,ネズミ捕り機<>TN,10,1,
1,ネズミ捕り機<>TN,10,1,
1,ネズミ捕り機<>TN,10,1,
1,ネズミ捕り機<>TN,10,1,
1,ネズミ捕り機<>TO,10,1,
1,ネズミ捕り機<>TO,10,1,
1,ネズミ捕り機<>TO,10,1,
1,ネズミ捕り機<>TO,10,1,
1,ネズミ捕り機<>TO,10,1,
1,ネズミ捕り機<>TO,10,1,
1,弾丸<>Y,5,1,
1,弾丸<>Y,5,1,
1,弾丸<>Y,5,1,
1,弾丸<>Y,5,1,
1,弾丸<>Y,5,1,
1,弾丸<>Y,5,1,
1,弾丸<>Y,5,1,
1,弾丸<>Y,5,1,
1,弾丸<>Y,5,1,
1,弾丸<>Y,5,1,
1,弾丸<>Y,5,1,
1,弾丸<>Y,5,1,
1,弾丸<>Y,5,1,
1,水<>HH,15,1,
1,水<>HH,15,1,
1,水<>HH,15,1,
1,水<>HH,15,1,
1,水<>HH,15,1,
1,水<>HH,15,1,
1,水<>HH,15,1,
1,水<>HH,15,1,
1,地雷<>TN,8,1,
1,地雷<>TO,8,1,
2,石ころ<>WC,1,1,
2,石ころ<>WC,1,1,
2,包丁<>WN,5,20,
2,コップ<>WC,10,1,
2,裁縫道具<>Y,3,1,
2,裁縫道具<>Y,5,1,
2,裁縫道具<>Y,10,1,
2,皿<>WC,10,1,
2,鍋<>WC,10,1,
2,グラス<>WC,10,1,
2,テレビ<>WC,20,1,
2,テーブル<>WC,20,1,
2,棚<>WC,15,1,
2,家宝の刀<>WN,25,1,
2,空き瓶<>WC,2,1,
2,空き瓶<>WC,2,1,
2,空き瓶<>WC,2,1,
2,空き瓶<>WC,2,1,
2,空き瓶<>WC,2,1,
2,空き缶<>WC,2,1,
2,空き缶<>WC,2,1,
2,空き缶<>WC,2,1,
2,空き缶<>WC,2,1,
2,空き缶<>WC,2,1,
2,空き缶<>WC,2,1,
2,皿<>WC,10,1,
2,皿<>WC,10,1,
2,コップ<>WC,10,1,
2,コップ<>WC,10,1,
2,コップ<>WC,10,1,
2,コップ<>WC,10,1,
2,コップ<>WC,10,1,
2,グラス<>WC,10,1,
2,グラス<>WC,10,1,
2,グラス<>WC,10,1,
2,グラス<>WC,10,1,
2,鍋<>WC,10,1,
2,鍋<>WC,10,1,
2,鍋<>WC,10,1,
2,鍋<>WC,10,1,
2,包丁<>WNS,15,∞,
2,包丁<>WNS,15,∞,
2,包丁<>WNS,15,∞,
2,包丁<>WNS,15,∞,
2,空き瓶<>WC,1,1,
2,空き瓶<>WC,1,1,
2,空き瓶<>WC,1,1,
2,空き瓶<>WC,1,1,
2,空き瓶<>WC,1,1,
2,空き瓶<>WC,1,1,
2,空き瓶<>WC,1,1,
2,砥石<>Y,1,1,
2,砥石<>Y,3,1,
2,砥石<>Y,5,1,
2,砥石<>Y,1,1,
2,砥石<>Y,3,1,
2,砥石<>Y,5,1,
2,砥石<>Y,1,1,
2,砥石<>Y,3,1,
2,砥石<>Y,5,1,
2,砥石<>Y,1,1,
2,砥石<>Y,3,1,
2,砥石<>Y,5,1,
3,ピアノ線<>TN,8,1,
3,ピアノ線<>TO,8,1,
3,ピアノ線<>TN,8,1,
3,ピアノ線<>TO,8,1,
3,ピアノ線<>TN,8,1,
3,ピアノ線<>TO,8,1,
3,ピアノ線<>TN,8,1,
3,ピアノ線<>TO,8,1,
3,ピアノ線<>TO,8,1,
3,ピアノ線<>TN,8,1,
3,ピアノ線<>TO,8,1,
3,ピアノ線<>TO,8,1,
3,ピアノ線<>TN,8,1,
3,ピアノ線<>TO,8,1,
3,ピアノ線<>TO,8,1,
3,ピアノ線<>TN,8,1,
3,ピアノ線<>TO,8,1,
3,ピアノ線<>TO,8,1,
3,ピアノ線<>TN,8,1,
3,ピアノ線<>TO,8,1,
3,ピアノ線<>TO,8,1,
3,ピアノ線<>TN,8,1,
3,ピアノ線<>TO,8,1,
3,ピアノ線<>TO,8,1,
3,ピアノ線<>TN,8,1,
3,ピアノ線<>TO,8,1,
3,ピアノ線<>TO,8,1,
3,ピアノ線<>TN,8,1,
3,ピアノ線<>TO,8,1,
3,ピアノ線<>TO,8,1,
3,ピアノ線<>TN,8,1,
3,ピアノ線<>TO,8,1,
3,ピアノ線<>TO,8,1,
3,ピアノ線<>TN,8,1,
3,ピアノ線<>TO,8,1,
3,矢<>Y,12,1,
3,矢<>Y,12,1,
3,矢<>Y,12,1,
3,矢<>Y,12,1,
3,矢<>Y,12,1,
3,矢<>Y,12,1,
3,矢<>Y,12,1,
3,ピアノ線<>TN,8,1,
3,ピアノ線<>TO,8,1,
4,ピアノ線<>TN,8,1,
4,ピアノ線<>TN,8,1,
4,ピアノ線<>TN,8,1,
4,ピアノ線<>TN,8,1,
4,ピアノ線<>TN,8,1,
4,ピアノ線<>TN,8,1,
4,ピアノ線<>TN,8,1,
4,ピアノ線<>TN,8,1,
4,ピアノ線<>TN,8,1,
4,ピアノ線<>TN,8,1,
4,ピアノ線<>TN,8,1,
4,ピアノ線<>TN,8,1,
4,ピアノ線<>TN,8,1,
4,ピアノ線<>TN,8,1,
4,ピアノ線<>TN,8,1,
4,ピアノ線<>TN,8,1,
4,地雷<>TN,8,1,
4,地雷<>TO,8,1,
4,地雷<>TN,8,1,
4,地雷<>TO,8,1,
4,地雷<>TN,8,1,
4,地雷<>TO,8,1,
4,地雷<>TN,8,1,
4,地雷<>TO,8,1,
4,地雷<>TN,8,1,
4,地雷<>TO,8,1,
4,地雷<>TN,8,1,
4,地雷<>TO,8,1,
4,地雷<>TN,8,1,
4,地雷<>TO,8,1,
4,地雷<>TN,8,1,
4,地雷<>TO,8,1,
4,地雷<>TN,8,1,
4,地雷<>TO,8,1,
5,バッテリ<>Y,1,1,
5,バッテリ<>Y,1,1,
5,バッテリ<>Y,1,1,
5,バッテリ<>Y,1,1,
5,バッテリ<>Y,1,1,
5,防火服<>DBA,15,20,
5,防火服<>DBA,15,20,
5,防火服<>DBA,15,20,
5,水<>HH,15,1,
5,水<>HH,15,1,
5,水<>HH,15,1,
5,水<>HH,15,1,
5,水<>HH,15,1,
5,水<>HH,15,1,
5,水<>HH,15,1,
5,水<>HH,15,1,
5,水<>HH,15,1,
5,水<>HH,15,1,
5,水<>HH,15,1,
5,水<>HH,15,1,
5,水<>HH,15,1,
5,水<>HH,15,1,
5,水<>HH,15,1,
5,水<>HH,15,1,
5,水<>HH,15,1,
5,水<>HH,15,1,
5,防火ヘルメット<>DH,3,10,
5,防火ヘルメット<>DH,3,10,
5,防火ヘルメット<>DH,3,10,
5,地雷<>TN,8,1,
5,地雷<>TO,8,1,
5,地雷<>TN,8,1,
5,地雷<>TO,8,1,
5,地雷<>TN,8,1,
5,地雷<>TO,8,1,
5,地雷<>TN,8,1,
5,地雷<>TO,8,1,
5,地雷<>TN,8,1,
5,地雷<>TO,8,1,
5,地雷<>TN,8,1,
5,地雷<>TO,8,1,
6,観音菩薩像<>WB,5,∞,
6,袈裟<>DBN,10,25,
6,袈裟<>DBN,10,25,
6,袈裟<>DBN,10,25,
6,袈裟<>DBN,10,25,
6,閻魔像<>WB,7,∞,
6,阿修羅像<>WB,10,∞,
6,地蔵菩薩像<>WB,8,∞,
6,地雷<>TN,8,1,
6,地雷<>TO,8,1,
6,地雷<>TN,8,1,
6,地雷<>TO,8,1,
6,地雷<>TN,8,1,
6,地雷<>TO,8,1,
7,水<>HH,15,1,
7,水<>HH,15,1,
7,水<>HH,15,1,
7,水<>HH,15,1,
7,水<>HH,15,1,
7,水<>HH,15,1,
7,水<>HH,15,1,
7,水<>HH,15,1,
7,水<>HH,15,1,
7,水<>HH,15,1,
7,水<>HH,15,1,
7,水<>HH,15,1,
7,水<>HH,15,1,
7,水<>HH,15,1,
7,水<>HH,15,1,
7,水<>HH,15,1,
7,水<>HH,15,1,
7,水<>HH,15,1,
7,水<>HH,15,1,
7,水<>HH,15,1,
7,水<>HH,15,1,
7,水<>HH,15,1,
7,水<>HH,15,1,
7,水<>HH,15,1,
7,水<>HH,15,1,
7,水<>HH,15,1,
7,地雷<>TN,8,1,
7,地雷<>TO,8,1,
7,地雷<>TN,8,1,
7,地雷<>TO,8,1,
7,地雷<>TN,8,1,
7,地雷<>TO,8,1,
8,御神籤<>Y,1,1,
8,御神籤<>Y,1,1,
8,御神籤<>Y,1,1,
6,神主の衣装<>DBN,10,15,
6,神主の衣装<>DBN,10,15,
6,神主の衣装<>DBN,10,15,
8,御神籤<>Y,1,1,
8,御神籤<>Y,1,1,
8,御神籤<>Y,1,1,
8,御神籤<>Y,1,1,
8,御神籤<>Y,1,1,
8,御神籤<>Y,1,1,
8,御神籤<>Y,1,1,
8,御神籤<>Y,1,1,
8,御神籤<>Y,1,1,
8,地雷<>TN,8,1,
8,地雷<>TO,8,1,
8,地雷<>TN,8,1,
8,地雷<>TO,8,1,
8,地雷<>TN,8,1,
8,地雷<>TO,8,1,
8,石ころ<>WC,1,1,
8,石ころ<>WC,1,1,
8,石ころ<>WC,1,1,
8,石ころ<>WC,1,1,
8,石ころ<>WC,1,1,
9,石ころ<>WC,1,1,
9,石ころ<>WC,1,1,
9,石ころ<>WC,1,1,
9,石ころ<>WC,1,1,
9,石ころ<>WC,1,1,
9,石ころ<>WC,1,1,
9,石ころ<>WC,1,1,
9,石ころ<>WC,1,1,
9,石ころ<>WC,1,1,
9,石ころ<>WC,1,1,
9,石ころ<>WC,1,1,
9,石ころ<>WC,1,1,
9,石ころ<>WC,1,1,
9,石ころ<>WC,1,1,
9,包丁<>WNS,15,∞,
9,コップ<>WC,10,1,
9,皿<>WC,10,1,
9,鍋<>WC,10,1,
9,グラス<>WC,10,1,
9,テレビ<>WC,20,1,
9,テーブル<>WC,20,1,
9,棚<>WC,15,1,
9,家宝の刀<>WNS,25,∞,
9,肥料<>Y,1,1,
9,皿<>WC,10,1,
9,皿<>WC,10,1,
9,コップ<>WC,10,1,
9,コップ<>WC,10,1,
9,コップ<>WC,10,1,
9,コップ<>WC,10,1,
9,コップ<>WC,10,1,
9,グラス<>WC,10,1,
9,グラス<>WC,10,1,
9,グラス<>WC,10,1,
9,グラス<>WC,10,1,
9,サツマイモ<>SH,10,1,
9,ヤマイモ<>SH,10,1,
9,ジャガイモ<>SH,10,1,
9,ゴボウ<>SH,10,1,
9,ニンジン<>SH,10,1,
9,タマネギ<>SH,10,1,
9,ニンニク<>SH,10,1,
9,ショウガ<>SH,10,1,
9,鍋<>WC,10,1,
9,鍋<>WC,10,1,
9,鍋<>WC,10,1,
9,鍋<>WC,10,1,
9,包丁<>WNS,15,∞,
9,包丁<>WNS,15,∞,
9,包丁<>WNS,15,∞,
9,包丁<>WNS,15,∞,
9,砥石<>Y,2,1,
9,砥石<>Y,4,1,
9,砥石<>Y,6,1,
9,砥石<>Y,2,1,
9,砥石<>Y,4,1,
9,砥石<>Y,6,1,
9,砥石<>Y,2,1,
9,砥石<>Y,4,1,
9,砥石<>Y,6,1,
9,砥石<>Y,2,1,
9,砥石<>Y,4,1,
9,砥石<>Y,6,1,
10,つるはし<>WS,15,∞,
10,スコップ<>WSB,10,∞,
10,シャベル<>WSB,5,∞,
10,シャベル<>WSB,5,∞,
10,シャベル<>WSB,5,∞,
10,作業用ヘルメット<>DH,4,10,
10,作業用ヘルメット<>DH,4,10,
10,作業用ヘルメット<>DH,4,10,
10,作業着<>DBN,10,10,
10,作業着<>DBN,10,10,
10,作業着<>DBN,10,10,
10,岩石<>WC,10,1,
10,岩石<>WC,10,1,
10,岩石<>WC,10,1,
10,岩石<>WC,10,1,
10,岩石<>WC,10,1,
10,岩石<>WC,10,1,
10,岩石<>WC,10,1,
10,岩石<>WC,10,1,
10,岩石<>WC,10,1,
10,岩石<>WC,10,1,
10,岩石<>WC,10,1,
10,岩石<>WC,10,1,
10,岩石<>WC,10,1,
10,岩石<>WC,10,1,
10,岩石<>WC,10,1,
10,岩石<>WC,10,1,
10,岩石<>WC,10,1,
10,岩石<>WC,10,1,
10,岩石<>WC,10,1,
10,岩石<>WC,10,1,
10,岩石<>WC,10,1,
10,岩石<>WC,10,1,
10,岩石<>WC,10,1,
10,岩石<>WC,10,1,
10,岩石<>WC,10,1,
10,岩石<>WC,10,1,
10,岩石<>WC,10,1,
10,岩石<>WC,10,1,
10,岩石<>WC,10,1,
10,岩石<>WC,10,1,
10,岩石<>WC,10,1,
10,岩石<>WC,10,1,
10,岩石<>WC,10,1,
11,釘<>Y,1,1,
11,釘<>Y,2,1,
11,フルフェイス<>DH,5,10,
11,フルフェイス<>DH,5,10,
11,フルフェイス<>DH,5,10,
11,フルフェイス<>DH,5,10,
11,釘<>Y,3,1,
11,石ころ<>WC,1,1,
11,釘<>Y,4,1,
11,釘<>Y,1,1,
11,釘<>Y,2,1,
11,釘<>Y,3,1,
11,釘<>Y,4,1,
11,釘<>Y,1,1,
11,釘<>Y,2,1,
11,釘<>Y,3,1,
11,釘<>Y,4,1,
11,石ころ<>WC,1,1,
12,石ころ<>WC,1,1,
12,石ころ<>WC,1,1,
12,石ころ<>WC,1,1,
12,石ころ<>WC,1,1,
12,石ころ<>WC,1,1,
12,石ころ<>WC,1,1,
12,石ころ<>WC,1,1,
12,石ころ<>WC,1,1,
12,石ころ<>WC,1,1,
12,石ころ<>WC,1,1,
12,石ころ<>WC,1,1,
12,石ころ<>WC,1,1,
12,石ころ<>WC,1,1,
12,石ころ<>WC,1,1,
12,石ころ<>WC,1,1,
12,石ころ<>WC,1,1,
12,石ころ<>WC,1,1,
12,石ころ<>WC,1,1,
12,石ころ<>WC,1,1,
12,包丁<>WNS,15,∞,
12,コップ<>WC,10,1,
12,皿<>WC,10,1,
12,鍋<>WC,10,1,
12,グラス<>WC,10,1,
12,テレビ<>WC,20,1,
12,テーブル<>WC,20,1,
12,裁縫道具<>Y,3,1,
12,裁縫道具<>Y,5,1,
12,裁縫道具<>Y,10,1,
12,棚<>WC,15,1,
12,皿<>WC,10,1,
12,皿<>WC,10,1,
12,空き瓶<>WC,2,1,
12,空き瓶<>WC,2,1,
12,空き瓶<>WC,2,1,
12,空き瓶<>WC,2,1,
12,空き瓶<>WC,2,1,
12,空き缶<>WC,2,1,
12,空き缶<>WC,2,1,
12,空き缶<>WC,2,1,
12,空き缶<>WC,2,1,
12,空き缶<>WC,2,1,
12,空き缶<>WC,2,1,
12,空き缶<>WC,2,1,
12,空き缶<>WC,2,1,
12,空き缶<>WC,2,1,
12,空き缶<>WC,2,1,
12,コップ<>WC,10,1,
12,コップ<>WC,10,1,
12,コップ<>WC,10,1,
12,コップ<>WC,10,1,
12,グラス<>WC,10,1,
12,グラス<>WC,10,1,
12,グラス<>WC,10,1,
12,グラス<>WC,10,1,
12,カレー粉<>SH,10,1,
12,ショウユ<>SH,10,1,
12,ソース<>SH,10,1,
12,鍋<>WC,10,1,
12,鍋<>WC,10,1,
12,鍋<>WC,10,1,
12,鍋<>WC,10,1,
12,包丁<>WNS,15,∞,
12,包丁<>WNS,15,∞,
12,包丁<>WNS,15,∞,
12,包丁<>WNS,15,∞,
12,砥石<>Y,1,10,
12,砥石<>Y,1,10,
12,砥石<>Y,1,10,
12,砥石<>Y,1,10,
12,砥石<>Y,1,10,
12,砥石<>Y,1,10,
12,砥石<>Y,1,10,
12,砥石<>Y,1,10,
12,砥石<>Y,1,10,
12,砥石<>Y,1,10,
12,砥石<>Y,1,10,
12,砥石<>Y,1,10,
12,砥石<>Y,1,10,
12,砥石<>Y,1,10,
13,木魚<>WC,1,1,
13,卒塔婆<>WB,4,1,
13,卒塔婆<>WB,4,1,
13,卒塔婆<>WB,4,1,
13,卒塔婆<>WB,4,1,
13,卒塔婆<>WB,4,1,
13,卒塔婆<>WB,4,1,
13,卒塔婆<>WB,4,1,
13,卒塔婆<>WB,4,1,
13,卒塔婆<>WB,4,1,
13,卒塔婆<>WB,4,1,
13,卒塔婆<>WB,4,1,
13,卒塔婆<>WB,4,1,
13,卒塔婆<>WB,4,1,
13,卒塔婆<>WB,4,1,
13,卒塔婆<>WB,4,1,
13,卒塔婆<>WB,4,1,
13,石ころ<>WC,1,1,
13,石ころ<>WC,1,1,
13,石ころ<>WC,1,1,
13,石ころ<>WC,1,1,
13,石ころ<>WC,1,1,
13,石ころ<>WC,1,1,
13,石ころ<>WC,1,1,
13,石ころ<>WC,1,1,
13,石ころ<>WC,1,1,
13,石ころ<>WC,1,1,
13,石ころ<>WC,1,1,
13,石ころ<>WC,1,1,
13,石ころ<>WC,1,1,
13,石ころ<>WC,1,1,
14,鉛筆<>WS,2,∞,
14,鉛筆<>WS,2,∞,
14,鉛筆<>WS,2,∞,
14,鉛筆<>WS,2,∞,
14,鉛筆<>WS,2,∞,
14,鉛筆<>WS,2,∞,
14,鉛筆<>WS,2,∞,
14,消しゴム<>WC,1,1,
14,消しゴム<>WC,1,1,
14,消しゴム<>WC,1,1,
14,消しゴム<>WC,1,1,
14,消しゴム<>WC,1,1,
14,消しゴム<>WC,1,1,
14,フラスコ<>WC,3,1,
14,フラスコ<>WC,3,1,
14,フラスコ<>WC,3,1,
14,フラスコ<>WC,3,1,
14,モップ<>WB,8,1,
14,モップ<>WB,8,1,
14,モップ<>WB,8,1,
14,傷薬<>HH,40,1,
14,傷薬<>HH,40,1,
14,傷薬<>HH,40,1,
14,傷薬<>HH,40,1,
14,傷薬<>HH,40,1,
14,傷薬<>HH,40,1,
14,黒板消し<>WC,2,1,
14,黒板消し<>WC,2,1,
14,黒板消し<>WC,2,1,
14,黒板消し<>WC,2,1,
14,黒板消し<>WC,2,1,
14,白チョーク<>WC,2,1,
14,赤チョーク<>WC,2,1,
14,黄チョーク<>WC,2,1,
14,緑チョーク<>WC,2,1,
14,茶チョーク<>WC,2,1,
14,人体模型<>WB,3,∞,
14,巨大三角定規<>WB,4,∞,
14,巨大コンパス<>WB,4,∞,
14,椅子<>WB,4,∞,
15,破魔矢<>Y,5,1,
15,破魔矢<>Y,5,1,
15,破魔矢<>Y,5,1,
15,破魔矢<>Y,5,1,
15,破魔矢<>Y,5,1,
15,破魔矢<>Y,5,1,
15,破魔矢<>Y,5,1,
15,破魔矢<>Y,5,1,
15,破魔矢<>Y,5,1,
15,破魔矢<>Y,5,1,
15,破魔矢<>Y,5,1,
15,御神籤<>Y,1,1,
15,御神籤<>Y,1,1,
15,御神籤<>Y,1,1,
15,御神籤<>Y,1,1,
15,御神籤<>Y,1,1,
15,御神籤<>Y,1,1,
15,御神籤<>Y,1,1,
15,御神籤<>Y,1,1,
15,御神籤<>Y,1,1,
15,御神籤<>Y,1,1,
15,御神籤<>Y,1,1,
15,御神籤<>Y,1,1,
15,御神籤<>Y,1,1,
6,神主の衣装<>DBN,10,15,
6,神主の衣装<>DBN,10,15,
6,神主の衣装<>DBN,10,15,
15,御神籤<>Y,1,1,
15,御神籤<>Y,1,1,
15,御神籤<>Y,1,1,
15,御神籤<>Y,1,1,
15,御神籤<>Y,1,1,
15,御神籤<>Y,1,1,
15,御神籤<>Y,1,1,
15,御神籤<>Y,1,1,
15,御神籤<>Y,1,1,
15,御神籤<>Y,1,1,
15,御神籤<>Y,1,1,
15,御神籤<>Y,1,1,
15,御神籤<>Y,1,1,
15,御神籤<>Y,1,1,
15,御神籤<>Y,1,1,
15,御神籤<>Y,1,1,
15,御神籤<>Y,1,1,
15,御神籤<>Y,1,1,
16,鎌<>WN,15,1,
17,水<>HH,15,1,
17,水<>HH,15,1,
17,水<>HH,15,1,
17,水<>HH,15,1,
17,水<>HH,15,1,
17,水<>HH,15,1,
17,水<>HH,15,1,
17,水<>HH,15,1,
17,水<>HH,15,1,
17,水<>HH,15,1,
17,水<>HH,15,1,
17,水<>HH,15,1,
17,水<>HH,15,1,
17,水<>HH,15,1,
17,水<>HH,15,1,
17,水<>HH,15,1,
17,水<>HH,15,1,
17,水<>HH,15,1,
17,水<>HH,15,1,
17,水<>HH,15,1,
17,水<>HH,15,1,
17,水<>HH,15,1,
17,水<>HH,15,1,
17,水<>HH,15,1,
17,水<>HH,15,1,
17,水<>HH,15,1,
18,包丁<>WNS,15,∞,
18,コップ<>WC,10,1,
18,粉末ジュース<>HH,3,1,
18,粉末ジュース<>HH,3,1,
18,粉末ジュース<>HH,3,1,
18,粉末ジュース<>HH,3,1,
18,粉末ジュース<>HH,3,1,
18,粉末ジュース<>HH,3,1,
18,粉末ジュース<>HH,3,1,
18,粉末ジュース<>HH,3,1,
18,皿<>WC,10,1,
18,鍋<>WC,10,1,
18,グラス<>WC,10,1,
18,テレビ<>WC,20,1,
18,テーブル<>WC,20,1,
18,棚<>WC,15,1,
18,皿<>WC,10,1,
18,皿<>WC,10,1,
18,コップ<>WC,10,1,
18,コップ<>WC,10,1,
18,コップ<>WC,10,1,
18,コップ<>WC,10,1,
18,コップ<>WC,10,1,
18,グラス<>WC,10,1,
18,グラス<>WC,10,1,
18,グラス<>WC,10,1,
18,グラス<>WC,10,1,
18,鍋<>WC,10,1,
18,鍋<>WC,10,1,
18,鍋<>WC,10,1,
18,鍋<>WC,10,1,
18,包丁<>WNS,15,∞,
18,包丁<>WNS,15,∞,
18,包丁<>WNS,15,∞,
18,包丁<>WNS,15,∞,
18,砥石<>Y,1,1,
18,砥石<>Y,1,1,
18,砥石<>Y,1,1,
18,砥石<>Y,1,1,
18,砥石<>Y,1,1,
18,砥石<>Y,1,1,
18,砥石<>Y,1,1,
18,砥石<>Y,1,1,
18,砥石<>Y,1,1,
18,砥石<>Y,1,1,
19,傷薬<>HH,40,1,
19,傷薬<>HH,40,1,
19,傷薬<>HH,40,1,
19,傷薬<>HH,40,1,
19,傷薬<>HH,40,1,
19,傷薬<>HH,40,1,
19,傷薬<>HH,40,1,
19,傷薬<>HH,40,1,
19,傷薬<>HH,40,1,
19,傷薬<>HH,40,1,
19,傷薬<>HH,40,1,
19,傷薬<>HH,40,1,
19,傷薬<>HH,40,1,
19,傷薬<>HH,40,1,
19,傷薬<>HH,40,1,
19,傷薬<>HH,40,1,
19,傷薬<>HH,40,1,
19,傷薬<>HH,40,1,
19,傷薬<>HH,40,1,
19,傷薬<>HH,40,1,
19,傷薬<>HH,40,1,
19,傷薬<>HH,40,1,
19,傷薬<>HH,40,1,
19,傷薬<>HH,40,1,
19,傷薬<>HH,40,1,
19,傷薬<>HH,40,1,
19,傷薬<>HH,40,1,
19,傷薬<>HH,40,1,
19,傷薬<>HH,40,1,
19,傷薬<>HH,40,1,
19,傷薬<>HH,40,1,
19,傷薬<>HH,40,1,
19,傷薬<>HH,40,1,
19,傷薬<>HH,40,1,
19,傷薬<>HH,40,1,
19,傷薬<>HH,40,1,
19,傷薬<>HH,40,1,
19,白衣<>DBN,10,20,
19,白衣<>DBN,10,20,
19,白衣<>DBN,10,20,
19,栄養ドリンク<>SH,50,1,
19,栄養ドリンク<>SH,50,1,
19,栄養ドリンク<>SH,50,1,
19,栄養ドリンク<>SH,50,1,
19,栄養ドリンク<>SH,50,1,
19,栄養ドリンク<>SH,50,1,
19,栄養ドリンク<>SH,50,1,
19,栄養ドリンク<>SH,50,1,
19,栄養ドリンク<>SH,50,1,
19,栄養ドリンク<>SH,50,1,
19,栄養ドリンク<>SH,50,1,
19,栄養ドリンク<>SH,50,1,
19,栄養ドリンク<>SH,50,1,
19,栄養ドリンク<>SH,50,1,
19,栄養ドリンク<>SH,50,1,
19,栄養ドリンク<>SH,50,1,
19,栄養ドリンク<>SH,50,1,
19,栄養ドリンク<>SH,50,1,
19,栄養ドリンク<>SH,50,1,
19,栄養ドリンク<>SH,50,1,
19,栄養ドリンク<>SH,50,1,
19,栄養ドリンク<>SH,50,1,
19,栄養ドリンク<>SH,50,1,
19,栄養ドリンク<>SH,50,1,
19,栄養ドリンク<>SH,50,1,
19,栄養ドリンク<>SH,50,1,
19,栄養ドリンク<>SH,50,1,
19,栄養ドリンク<>SH,50,1,
20,シチュー<>SD,25,1,
20,シチュー<>SD,25,1,
20,シチュー<>SH,25,1,
20,シチュー<>SD,25,1,
20,シチュー<>SH,25,1,
20,シチュー<>SD,25,1,
20,シチュー<>SH,25,1,
20,シチュー<>SD,25,1,
20,シチュー<>SH,25,1,
20,シチュー<>SD,25,1,
20,シチュー<>SH,25,1,
20,シチュー<>SD,25,1,
20,シチュー<>SH,25,1,
20,シチュー<>SD,25,1,
20,シチュー<>SD,25,1,
20,シチュー<>SH,25,1,
20,シチュー<>SH,25,1,
20,シチュー<>SD,25,1,
20,シチュー<>SD,25,1,
20,シチュー<>SH,25,1,
20,シチュー<>SD,25,1,
20,シチュー<>SD,25,1,
20,シチュー<>SH,25,1,
20,シチュー<>SH,25,1,
20,シチュー<>SD,25,1,
20,シチュー<>SD,25,1,
20,シチュー<>SH,25,1,
20,シチュー<>SD,25,1,
20,シチュー<>SD,25,1,
20,シチュー<>SH,25,1,
20,シチュー<>SH,25,1,
21,ネズミ捕り機<>TN,10,1,
21,ネズミ捕り機<>TN,10,1,
21,ネズミ捕り機<>TN,10,1,
21,ネズミ捕り機<>TN,10,1,
21,ネズミ捕り機<>TN,10,1,
21,ネズミ捕り機<>TO,10,1,
21,ネズミ捕り機<>TO,10,1,
21,ネズミ捕り機<>TO,10,1,
21,ネズミ捕り機<>TO,10,1,
21,ネズミ捕り機<>TO,10,1,
21,ネズミ捕り機<>TO,10,1,
21,ネズミ捕り機<>TO,10,1,
21,ネズミ捕り機<>TO,10,1,
21,ネズミ捕り機<>TO,10,1,
21,ネズミ捕り機<>TO,10,1,
21,ネズミ捕り機<>TO,10,1,
21,弾丸<>Y,5,1,
21,弾丸<>Y,5,1,
21,弾丸<>Y,5,1,
21,弾丸<>Y,5,1,
21,弾丸<>Y,5,1,
21,弾丸<>Y,5,1,
21,弾丸<>Y,5,1,
21,弾丸<>Y,5,1,
21,弾丸<>Y,5,1,
21,弾丸<>Y,5,1,
21,弾丸<>Y,5,1,
21,弾丸<>Y,5,1,
21,弾丸<>Y,5,1,
21,弾丸<>Y,5,1,
21,弾丸<>Y,5,1,
21,弾丸<>Y,5,1,
21,弾丸<>Y,5,1,
21,弾丸<>Y,5,1,
21,弾丸<>Y,5,1,
21,弾丸<>Y,5,1,
21,弾丸<>Y,5,1,
21,水<>HH,15,1,
21,水<>HH,15,1,
21,水<>HH,15,1,
21,水<>HH,15,1,
21,水<>HH,15,1,
21,水<>HH,15,1,
21,水<>HH,15,1,
21,水<>HH,15,1,
21,水<>HH,15,1,
21,水<>HH,15,1,
21,水<>HH,15,1,
21,水<>HH,15,1,
21,水<>HH,15,1,
21,水<>HH,15,1,
21,水<>HH,15,1,
21,水<>HH,15,1,
21,地雷<>TN,8,1,
21,地雷<>TO,8,1,
21,地雷<>TN,8,1,
21,地雷<>TO,8,1,
21,地雷<>TN,8,1,
21,地雷<>TO,8,1,
99,弾丸<>Y,5,1,
99,弾丸<>Y,5,1,
99,弾丸<>Y,5,1,
99,弾丸<>Y,5,1,
99,弾丸<>Y,5,1,
99,弾丸<>Y,5,1,
99,水<>HH,15,1,
99,水<>HH,15,1,
99,水<>HH,15,1,
99,水<>HH,15,1,
99,水<>HH,15,1,
99,水<>HH,15,1,
99,火縄銃<>WGB,20,0,
99,甲冑<>DBA,20,20,
99,鎖帷子<>DBK,18,20,
99,兜<>DH,8,20,
99,名刀正宗<>WNS,25,∞,
99,和弓<>WAB,18,0,
99,家宝の刀<>WNS,25,∞,
99,家宝の甲冑<>DBA,25,20,
99,レーダー<>R2,1,∞,
99,砥石<>Y,1,1,
99,砥石<>Y,1,1,
99,砥石<>Y,1,1,
99,砥石<>Y,1,1,
99,砥石<>Y,1,1,
99,砥石<>Y,1,1,
